Left:
D = [0.09064540330305361, -0.28177389168100264, 0.002227138811270843, -0.010179409105293118, 0.0]
K = [575.5067940856015, 0.0, 136.92275588744678, 0.0, 573.0696844735534, 114.30618571525305, 0.0, 0.0, 1.0]
R = [0.999943415200907, 0.00880959686525453, -0.005963002550570933, -0.008786587185104356, 0.9999538929348181, 0.0038740018250803367, 0.005996856008357867, -0.0038213881736697936, 0.9999747170356065]
P = [615.4034350673139, 0.0, 140.80093002319336, 0.0, 0.0, 615.4034350673139, 107.71150207519531, 0.0, 0.0, 0.0, 1.0, 0.0]

Right:
D = [0.04286397933931401, -0.0486072247147266, -0.0044226692949588245, -0.016649630944173304, 0.0]
K = [579.3037221300491, 0.0, 146.52005086645758, 0.0, 578.0868402952449, 101.15072294187623, 0.0, 0.0, 1.0]
R = [0.9999915422448469, 0.002259356114384297, 0.0034366769881782975, -0.0022461158892835872, 0.9999900599548895, -0.0038516171705365353, -0.0034453450022585296, 0.003843865419712075, 0.9999866770594749]
P = [615.4034350673139, 0.0, 140.80093002319336, -203.7009411926052, 0.0, 615.4034350673139, 107.71150207519531, 0.0, 0.0, 0.0, 1.0, 0.0]
self.T = [-0.33100110713168046, -0.0007478557004509127, -0.0011375535090889718]
self.R = [0.9999340323795456, 0.006576676029019467, -0.00941691146773936, -0.00650422046942552, 0.9999491684627007, 0.007704259006459225, 0.009467101207181973, -0.007642501106497973, 0.9999259803463305]
# oST version 5.0 parameters


[image]

width
320

height
200

[narrow_stereo/left]

camera matrix
575.506794 0.000000 136.922756
0.000000 573.069684 114.306186
0.000000 0.000000 1.000000

distortion
0.090645 -0.281774 0.002227 -0.010179 0.000000

rectification
0.999943 0.008810 -0.005963
-0.008787 0.999954 0.003874
0.005997 -0.003821 0.999975

projection
615.403435 0.000000 140.800930 0.000000
0.000000 615.403435 107.711502 0.000000
0.000000 0.000000 1.000000 0.000000
# oST version 5.0 parameters


[image]

width
320

height
200

[narrow_stereo/right]

camera matrix
579.303722 0.000000 146.520051
0.000000 578.086840 101.150723
0.000000 0.000000 1.000000

distortion
0.042864 -0.048607 -0.004423 -0.016650 0.000000

rectification
0.999992 0.002259 0.003437
-0.002246 0.999990 -0.003852
-0.003445 0.003844 0.999987

projection
615.403435 0.000000 140.800930 -203.700941
0.000000 615.403435 107.711502 0.000000
0.000000 0.000000 1.000000 0.000000
